1 0 1
10 0 1
10a 0 1
10b 0 1
11 0 1
11a 0 1
11b 0 1
12 0 1
12a 0 1
12b 0 1
13 0 1
13a 0 1
13b 0 1
14 0 1
14a 0 1
14b 0 1
15 0 1
15a 0 1
15b 0 1
16 0 1
16a 0 1
16b 0 1
17 0 1
17a 0 1
17b 0 1
18 0 1
18a 0 1
18b 0 1
19 0 1
19a 0 1
19b 0 1
1a 0 1
1b 0 1
2 0 1
20 0 1
20a 0 1
20b 0 1
21 0 1
21a 0 1
21b 0 1
22 0 1
22a 0 1
22b 0 1
23 0 1
23a 0 1
23b 0 1
2a 0 1
2b 0 1
3 0 1
3a 0 1
3b 0 1
4 0 1
4a 0 1
4b 0 1
5 0 1
5a 0 1
5b 0 1
6 0 1
6a 0 1
6b 0 1
7 0 1
7a 0 1
7b 0 1
8 0 1
8a 0 1
8b 0 1
9 0 1
9a 0 1
9b 0 1
