01 0 1
01A 0 1
01B 0 1
02 0 1
02A 0 1
02B 0 1
03 0 1
03A 0 1
03B 0 1
04 0 1
04A 0 1
04B 0 1
05 0 1
05A 0 1
05B 0 1
06 0 1
06A 0 1
06B 0 1
07 0 1
07A 0 1
07B 0 1
08 0 1
08A 0 1
08B 0 1
09 0 1
09A 0 1
09B 0 1
10 0 1
10A 0 1
10B 0 1
11 0 1
11A 0 1
11B 0 1
12 0 1
12A 0 1
12B 0 1
13 0 1
13A 0 1
13B 0 1
14 0 1
14A 0 1
14B 0 1
15 0 1
15A 0 1
15B 0 1
16 0 1
16A 0 1
16B 0 1
17 0 1
17A 0 1
17B 0 1
18 0 1
18A 0 1
18B 0 1
19 0 1
19A 0 1
19B 0 1
20 0 1
20A 0 1
20B 0 1
21 0 1
21A 0 1
21B 0 1
22 0 1
22A 0 1
22B 0 1
23 0 1
23A 0 1
23B 0 1
24 0 1
24A 0 1
24B 0 1
25 0 1
25A 0 1
25B 0 1
26 0 1
26A 0 1
26B 0 1
27 0 1
27A 0 1
27B 0 1
28 0 1
28A 0 1
28B 0 1
29 0 1
29A 0 1
29B 0 1
30 0 1
30A 0 1
30B 0 1
31 0 1
31A 0 1
31B 0 1
32 0 1
32A 0 1
32B 0 1
33 0 1
33A 0 1
33B 0 1
34 0 1
34A 0 1
34B 0 1
35 0 1
35A 0 1
35B 0 1
36 0 1
36A 0 1
36B 0 1
37 0 1
37A 0 1
37B 0 1
38 0 1
38A 0 1
38B 0 1
39 0 1
39A 0 1
39B 0 1
40 0 1
40A 0 1
40B 0 1
41 0 1
41A 0 1
41B 0 1
42 0 1
42A 0 1
42B 0 1
43 0 1
43A 0 1
43B 0 1
44 0 1
44A 0 1
44B 0 1
45 0 1
45A 0 1
45B 0 1
46 0 1
46A 0 1
46B 0 1
47 0 1
47A 0 1
47B 0 1
48 0 1
48A 0 1
48B 0 1
49 0 1
49A 0 1
49B 0 1
50 0 1
50A 0 1
50B 0 1
51 0 1
51A 0 1
51B 0 1
52 0 1
52A 0 1
52B 0 1
53 0 1
53A 0 1
53B 0 1
54 0 1
54A 0 1
54B 0 1
55 0 1
55A 0 1
55B 0 1
56 0 1
56A 0 1
56B 0 1
57 0 1
57A 0 1
57B 0 1
58 0 1
58A 0 1
58B 0 1
59 0 1
59A 0 1
59B 0 1
60 0 1
60A 0 1
60B 0 1
61 0 1
61A 0 1
61B 0 1
62 0 1
62A 0 1
62B 0 1
63 0 1
63A 0 1
63B 0 1
64 0 1
64A 0 1
64B 0 1
65 0 1
65A 0 1
65B 0 1
66 0 1
66A 0 1
66B 0 1
