# 
   Systems 
 Stoichiometry 
 Ref. 

 1   008  008A  008B  1  -1  -1   -100.41
 2   144  144A  144B  1  -1  -1   -120.80
 3   147  147A  147B  1  -1  -1   -116.91
 4   148  148A  148B  1  -1  -1   -105.01
 5   150  150A  150B  1  -1  -1   -104.44
 6   152  152A  152B  1  -1  -1   -87.42
 7   187  187A  187B  1  -1  -1   -114.00
 8   202  202A  202B  1  -1  -1   -113.51
 9   212  212A  212B  1  -1  -1   -114.91
 10   213  213A  213B  1  -1  -1   -112.75
 11   214  214A  214B  1  -1  -1   -104.47
 12   227  227A  227B  1  -1  -1   -118.19
 13   228  228A  228B  1  -1  -1   -112.02
 14   229  229A  229B  1  -1  -1   -106.53
 15   230  230A  230B  1  -1  -1   -110.98
 16   231  231A  231B  1  -1  -1   -102.37



