# 
   Systems 
 Stoichiometry 
 Ref. 

 1  1 2   -1 1     0.39
 2  1 3   -1 1     1.74
 3  1 4   -1 1     1.16
 4  1 5   -1 1     2.20
 5  1 6   -1 1     2.20
 6  1 7   -1 1     2.68
 7  1 8   -1 1     2.92
 8  1 9   -1 1     2.23
 9  1 10   -1 1     2.84
 10  1 11   -1 1     4.24
 11  1 12   -1 1     4.45
 12  1 13   -1 1     3.60
 13  1 14   -1 1     2.25
 14  1 15   -1 1     3.74
 15  1 16   -1 1     5.00
 16  1 17   -1 1     5.11
 17  1 18   -1 1     3.18
 18  1 19   -1 1     3.83
 19  1 20   -1 1     3.80
 20  1 21   -1 1     3.11
 21  1 22   -1 1     5.27
 22  1 23   -1 1     5.31
 23  1 24   -1 1     4.50
 24  1 25   -1 1     3.85
 25  1 26   -1 1     4.55
 26  1 27   -1 1     4.76
 27  1 28   -1 1     4.37
 28  1 29   -1 1     5.27
 29  1 30   -1 1     5.67
 30  1 31   -1 1     4.86
 31  1 32   -1 1     6.24
 32  1 33   -1 1     6.26
 33  1 34   -1 1     5.85
 34  1 35   -1 1     5.37
 35  1 36   -1 1     5.53
 36  1 37   -1 1     7.53
 37  1 38   -1 1     5.88
 38  1 39   -1 1     5.58
 39  1 40   -1 1     6.98
 40  1 41   -1 1     7.07
 41  1 42   -1 1     6.39
 42  1 43   -1 1     7.32
 43  1 44   -1 1     7.39
 44  1 45   -1 1     6.18
 45  1 46   -1 1     7.82
 46  1 47   -1 1     7.89
 47  1 48   -1 1     6.74
 48  1 49   -1 1     8.19
 49  1 50   -1 1     8.20
 50  1 51   -1 1     7.28
 51  1 52   -1 1     8.75
                                    



