# 
   Systems 
 Stoichiometry 
 Ref. 

 1  1  1a  1b   -1 1 1   1.43
 2  2  2a  2b   -1 1 1   8.02
 3  3  3a  3b   -1 1 1   0.64
 4  4  4a  4b   -1 1 1   4.26
 5  5  5a  5b   -1 1 1   2.86
 6  6  6a  6b   -1 1 1   1.32
 7   7  7a  7b   -1 1 1   4.29
 8   8  8a  8b   -1 1 1   2.63
 9   9  9a  9b   -1 1 1   4.91
 10   10  10a  10b   -1 1 1   2.21
 11   11  11a  11b   -1 1 1   1.40
 12   12  12a  12b   -1 1 1   2.62
 13   13  13a  13b   -1 1 1   3.98
 14   14  14a  14b   -1 1 1   4.10
 15   15  15a  15b   -1 1 1   4.34
 16   16  16a  16b   -1 1 1   1.78
 17   17  17a  17b   -1 1 1   7.10
 18   18  18a  18b   -1 1 1   2.35
 19   19  19a  19b   -1 1 1   5.95
 20   20  20a  20b   -1 1 1   8.18
 21   21  21a  21b   -1 1 1   4.92
 22   22  22a  22b   -1 1 1   8.03
 23   23  23a  23b   -1 1 1   10.97



